25 15
ASSIGNOP
PORO
LIKHO
LOGICOP
COMMA
ER
RELOP
ADDOP
MULOP
NA
NUMBER
LPAREN
RPAREN
ID
LTHIRD
RTHIRD
JOTOKKHON
THAKE
TOTOKKHON
KORO
JODI
HOY
TAILE
NOILE
AR
34
0 1
1 2
1 1
2 3
2 2
2 2
2 1
2 1
3 1
3 3
3 2
4 1
4 5
4 2
5 1
5 3
6 1
6 3
7 2
7 1
8 1
8 1
8 3
9 1
9 4
10 6
11 8
11 7
11 7
11 6
12 2
12 1
13 7
14 4
70
1 2 3 -1 -1 -1 -1 -1 -1 4 5 6 -1 -1 -1 0 7 8 0 0 0 0 0 0 0 0 0 0 9 0 0 10 0 0 0 11 0 0 0 0 0 0 
-1 -1 -1 -1 -1 -1 -1 -1 -1 -1 -1 -1 -1 -1 -1 0 0 0 0 0 0 0 0 0 0 0 0 0 0 0 0 0 0 0 0 0 0 0 0 0 0 0 
-1 -1 12 -1 -1 -1 -1 -1 -1 4 5 6 -1 -1 -1 0 7 8 0 0 0 0 0 0 0 0 0 0 9 0 0 10 0 0 0 11 0 0 0 0 0 -1 
-1 -1 -1 -1 -1 -1 -1 -1 -1 -1 -1 -1 -1 -1 -1 0 -3 -3 0 0 0 0 0 0 0 0 0 0 -3 0 0 -3 0 0 -3 -3 0 0 0 0 0 -3 
-1 -1 -1 -1 -1 -1 -1 -1 -1 -1 -1 -1 -1 -1 -1 13 0 0 0 0 0 0 0 0 0 0 0 0 0 0 0 0 0 0 0 0 0 0 0 0 0 0 
-1 -1 -1 -1 -1 -1 -1 -1 -1 -1 -1 -1 -1 -1 -1 0 -7 -7 0 0 0 0 0 0 0 0 0 0 -7 0 0 -7 0 0 -7 -7 0 0 0 0 0 -7 
-1 -1 -1 -1 -1 -1 -1 -1 -1 -1 -1 -1 -1 -1 -1 0 -8 -8 0 0 0 0 0 0 0 0 0 0 -8 0 0 -8 0 0 -8 -8 0 0 0 0 0 -8 
-1 -1 -1 -1 -1 -1 -1 -1 -1 14 -1 -1 -1 -1 -1 0 0 0 0 0 0 0 0 0 0 0 0 0 9 0 0 0 0 0 0 0 0 0 0 0 0 0 
-1 -1 -1 15 16 17 18 19 20 21 -1 -1 -1 -1 -1 0 0 0 0 0 0 0 22 0 0 23 24 0 9 0 0 0 0 0 0 0 0 0 0 0 0 0 
-1 -1 -1 -1 -1 -1 -1 -1 -1 -1 -1 -1 -1 -1 -1 -24 -24 -24 -24 -24 -24 0 -24 -24 -24 0 0 -24 -24 25 -24 -24 -24 0 -24 -24 -24 0 0 0 0 -24 
-1 -1 -1 26 16 17 18 19 20 21 -1 -1 -1 -1 -1 0 0 0 0 0 0 0 22 0 0 23 24 0 9 0 0 0 0 0 0 0 0 0 0 0 0 0 
-1 -1 -1 27 16 17 18 19 20 21 -1 -1 -1 -1 -1 0 0 0 0 0 0 0 22 0 0 23 24 0 9 0 0 0 0 0 0 0 0 0 0 0 0 0 
-1 -1 -1 -1 -1 -1 -1 -1 -1 -1 -1 -1 -1 -1 -1 0 -2 -2 0 0 0 0 0 0 0 0 0 0 -2 0 0 -2 0 0 -2 -2 0 0 0 0 0 -2 
-1 -1 -1 28 16 17 18 19 20 21 -1 -1 -1 -1 -1 0 0 0 0 0 0 0 22 0 0 23 24 0 9 0 0 0 0 0 0 0 0 0 0 0 0 0 
-1 -1 -1 -1 -1 -1 -1 -1 -1 -1 -1 -1 -1 -1 -1 0 -5 -5 0 0 0 0 0 0 0 0 0 0 -5 0 0 -5 0 0 -5 -5 0 0 0 0 0 -5 
-1 -1 -1 -1 -1 -1 -1 -1 -1 -1 -1 -1 -1 -1 -1 0 -6 -6 0 0 0 0 0 0 29 0 0 0 -6 0 0 -6 0 0 -6 -6 0 0 0 0 0 -6 
-1 -1 -1 -1 -1 -1 -1 -1 -1 -1 -1 -1 -1 -1 -1 0 -9 -9 30 0 0 0 0 0 31 0 0 -9 -9 0 -9 -9 -9 0 -9 -9 -9 0 0 0 0 -9 
-1 -1 -1 -1 -1 -1 -1 -1 -1 -1 -1 -1 -1 -1 -1 0 -12 -12 -12 32 0 0 33 0 -12 0 0 -12 -12 0 -12 -12 -12 0 -12 -12 -12 0 0 0 0 -12 
-1 -1 -1 -1 -1 -1 -1 -1 -1 -1 -1 -1 -1 -1 -1 0 -15 -15 -15 -15 -15 0 -15 34 -15 0 0 -15 -15 0 -15 -15 -15 0 -15 -15 -15 0 0 0 0 -15 
-1 -1 -1 -1 -1 -1 -1 -1 -1 -1 -1 -1 -1 -1 -1 0 -17 -17 -17 -17 -17 0 -17 -17 -17 0 0 -17 -17 0 -17 -17 -17 0 -17 -17 -17 0 0 0 0 -17 
-1 -1 -1 -1 -1 -1 -1 -1 -1 -1 -1 -1 -1 -1 -1 0 -20 -20 -20 -20 -20 0 -20 -20 -20 0 0 -20 -20 0 -20 -20 -20 0 -20 -20 -20 0 0 0 0 -20 
-1 -1 -1 -1 -1 -1 -1 -1 -1 -1 -1 -1 -1 -1 -1 0 -21 -21 -21 -21 -21 0 -21 -21 -21 0 0 -21 -21 0 -21 -21 -21 0 -21 -21 -21 0 0 0 0 -21 
-1 -1 -1 -1 -1 -1 -1 35 20 21 -1 -1 -1 -1 -1 0 0 0 0 0 0 0 22 0 0 23 24 0 9 0 0 0 0 0 0 0 0 0 0 0 0 0 
-1 -1 -1 -1 -1 -1 -1 -1 -1 -1 -1 -1 -1 -1 -1 0 -22 -22 -22 -22 -22 0 -22 -22 -22 0 0 -22 -22 0 -22 -22 -22 0 -22 -22 -22 0 0 0 0 -22 
-1 -1 -1 36 16 17 18 19 20 21 -1 -1 -1 -1 -1 0 0 0 0 0 0 0 22 0 0 23 24 0 9 0 0 0 0 0 0 0 0 0 0 0 0 0 
-1 -1 -1 37 16 17 18 19 20 21 -1 -1 -1 -1 -1 0 0 0 0 0 0 0 22 0 0 23 24 0 9 0 0 0 0 0 0 0 0 0 0 0 0 0 
-1 -1 -1 -1 -1 -1 -1 -1 -1 -1 -1 -1 -1 -1 -1 0 0 0 0 0 0 0 0 0 29 0 0 0 0 0 0 0 38 0 0 0 0 0 0 0 0 0 
-1 -1 -1 -1 -1 -1 -1 -1 -1 -1 -1 -1 -1 -1 -1 0 0 0 0 0 0 0 0 0 29 0 0 0 0 0 0 0 0 0 0 0 39 0 0 0 0 0 
-1 -1 -1 -1 -1 -1 -1 -1 -1 -1 -1 -1 -1 -1 -1 0 -4 -4 0 0 0 0 0 0 29 0 0 0 -4 0 0 -4 0 0 -4 -4 0 0 0 0 0 -4 
-1 -1 -1 -1 -1 -1 -1 -1 -1 -1 -1 -1 -1 -1 -1 0 -11 -11 0 0 0 0 0 0 -11 0 0 -11 -11 0 -11 -11 -11 0 -11 -11 -11 0 0 0 0 -11 
-1 -1 -1 -1 40 17 18 19 20 21 -1 -1 -1 -1 -1 0 0 0 0 0 0 0 22 0 0 23 24 0 9 0 0 0 0 0 0 0 0 0 0 0 0 0 
-1 -1 -1 -1 -1 -1 -1 -1 -1 -1 -1 -1 -1 -1 -1 0 -14 -14 -14 0 0 0 0 0 -14 0 0 -14 -14 0 -14 -14 -14 0 -14 -14 -14 0 0 0 0 -14 
-1 -1 -1 -1 -1 41 18 19 20 21 -1 -1 -1 -1 -1 0 0 0 0 0 0 0 22 0 0 23 24 0 9 0 0 0 0 0 0 0 0 0 0 0 0 0 
-1 -1 -1 -1 -1 -1 42 19 20 21 -1 -1 -1 -1 -1 0 0 0 0 0 0 0 22 0 0 23 24 0 9 0 0 0 0 0 0 0 0 0 0 0 0 0 
-1 -1 -1 -1 -1 -1 -1 43 20 21 -1 -1 -1 -1 -1 0 0 0 0 0 0 0 22 0 0 23 24 0 9 0 0 0 0 0 0 0 0 0 0 0 0 0 
-1 -1 -1 -1 -1 -1 -1 -1 -1 -1 -1 -1 -1 -1 -1 0 -19 -19 -19 -19 -19 0 -19 -19 -19 0 0 -19 -19 0 -19 -19 -19 0 -19 -19 -19 0 0 0 0 -19 
-1 -1 -1 -1 -1 -1 -1 -1 -1 -1 -1 -1 -1 -1 -1 0 0 0 0 0 0 0 0 0 29 0 0 44 0 0 0 0 0 0 0 0 0 0 0 0 0 0 
-1 -1 -1 -1 -1 -1 -1 -1 -1 -1 -1 -1 -1 -1 -1 0 0 0 0 0 0 0 0 0 29 0 0 0 0 0 45 0 0 0 0 0 0 0 0 0 0 0 
-1 -1 -1 -1 -1 -1 -1 -1 -1 -1 -1 -1 -1 -1 -1 0 0 0 0 0 0 0 0 0 0 0 0 0 0 0 0 0 0 46 0 0 0 0 0 0 0 0 
-1 -1 -1 -1 -1 -1 -1 -1 -1 -1 -1 -1 -1 -1 -1 0 0 0 0 0 0 0 0 0 0 0 0 0 0 0 0 0 0 0 0 0 0 47 0 0 0 0 
-1 -1 -1 -1 -1 -1 -1 -1 -1 -1 -1 -1 -1 -1 -1 0 -10 -10 0 0 0 0 0 0 31 0 0 -10 -10 0 -10 -10 -10 0 -10 -10 -10 0 0 0 0 -10 
-1 -1 -1 -1 -1 -1 -1 -1 -1 -1 -1 -1 -1 -1 -1 0 0 0 0 0 48 0 33 0 0 0 0 0 0 0 0 0 0 0 0 0 0 0 0 0 0 0 
-1 -1 -1 -1 -1 -1 -1 -1 -1 -1 -1 -1 -1 -1 -1 0 -16 -16 -16 -16 -16 0 -16 34 -16 0 0 -16 -16 0 -16 -16 -16 0 -16 -16 -16 0 0 0 0 -16 
-1 -1 -1 -1 -1 -1 -1 -1 -1 -1 -1 -1 -1 -1 -1 0 -18 -18 -18 -18 -18 0 -18 -18 -18 0 0 -18 -18 0 -18 -18 -18 0 -18 -18 -18 0 0 0 0 -18 
-1 -1 -1 -1 -1 -1 -1 -1 -1 -1 -1 -1 -1 -1 -1 0 -23 -23 -23 -23 -23 0 -23 -23 -23 0 0 -23 -23 0 -23 -23 -23 0 -23 -23 -23 0 0 0 0 -23 
-1 -1 -1 -1 -1 -1 -1 -1 -1 -1 -1 -1 -1 -1 -1 -25 -25 -25 -25 -25 -25 0 -25 -25 -25 0 0 -25 -25 0 -25 -25 -25 0 -25 -25 -25 0 0 0 0 -25 
-1 49 3 -1 -1 -1 -1 -1 -1 4 5 6 -1 -1 -1 0 7 8 0 0 0 0 0 0 0 0 0 0 9 0 0 10 0 0 0 11 0 0 0 0 0 0 
-1 50 3 -1 -1 -1 -1 -1 -1 4 5 6 -1 -1 -1 0 7 8 0 0 0 0 0 0 0 0 0 0 9 0 0 10 0 0 0 11 0 0 0 0 0 0 
-1 -1 -1 -1 -1 -1 -1 -1 -1 -1 -1 -1 -1 -1 -1 0 0 0 0 0 0 51 0 0 0 0 0 0 0 0 0 0 0 0 0 0 0 0 0 0 0 0 
-1 -1 12 -1 -1 -1 -1 -1 -1 4 5 6 -1 -1 -1 0 7 8 0 0 0 0 0 0 0 0 0 0 9 0 0 10 0 0 52 11 0 0 0 0 0 0 
-1 -1 12 -1 -1 -1 -1 -1 -1 4 5 6 -1 -1 -1 0 7 8 0 0 0 0 0 0 0 0 0 0 9 0 0 10 0 0 53 11 0 0 0 0 0 0 
-1 -1 -1 -1 -1 -1 -1 -1 -1 -1 -1 -1 -1 -1 -1 0 -13 -13 -13 0 0 0 0 0 -13 0 0 -13 -13 0 -13 -13 -13 0 -13 -13 -13 0 0 0 0 -13 
-1 -1 -1 -1 -1 -1 -1 -1 -1 -1 -1 -1 -1 -1 -1 0 -26 -26 0 0 0 0 0 0 0 0 0 0 -26 0 0 -26 0 0 -26 -26 0 0 0 0 0 -26 
-1 -1 -1 -1 -1 -1 -1 -1 -1 -1 -1 -1 54 55 56 0 -30 -30 0 0 0 0 0 0 0 0 0 0 -30 0 0 -30 0 0 -30 -30 0 0 57 58 0 -30 
-1 -1 -1 -1 -1 -1 -1 -1 -1 -1 -1 -1 -1 59 60 0 -29 -29 0 0 0 0 0 0 0 0 0 0 -29 0 0 -29 0 0 -29 -29 0 0 57 58 0 -29 
-1 -1 -1 -1 -1 -1 -1 -1 -1 -1 -1 -1 -1 -1 -1 0 -32 -32 0 0 0 0 0 0 0 0 0 0 -32 0 0 -32 0 0 -32 -32 0 0 -32 -32 0 -32 
-1 -1 -1 -1 -1 -1 -1 -1 -1 -1 -1 -1 -1 -1 -1 0 -28 -28 0 0 0 0 0 0 0 0 0 0 -28 0 0 -28 0 0 -28 -28 0 0 0 0 0 -28 
-1 -1 -1 -1 -1 -1 -1 -1 -1 -1 -1 -1 -1 -1 -1 0 0 0 0 0 0 0 0 0 0 0 0 0 0 0 0 0 0 0 0 61 0 0 0 0 0 0 
-1 -1 -1 -1 -1 -1 -1 -1 -1 -1 -1 -1 -1 -1 -1 0 0 0 0 0 0 0 0 0 0 0 0 0 0 0 0 0 0 0 0 0 0 0 62 0 0 0 
-1 -1 -1 -1 -1 -1 -1 -1 -1 -1 -1 -1 -1 -1 -1 0 -31 -31 0 0 0 0 0 0 0 0 0 0 -31 0 0 -31 0 0 -31 -31 0 0 -31 -31 0 -31 
-1 -1 -1 -1 -1 -1 -1 -1 -1 -1 -1 -1 -1 -1 -1 0 -27 -27 0 0 0 0 0 0 0 0 0 0 -27 0 0 -27 0 0 -27 -27 0 0 0 0 0 -27 
-1 -1 -1 63 16 17 18 19 20 21 -1 -1 -1 -1 -1 0 0 0 0 0 0 0 22 0 0 23 24 0 9 0 0 0 0 0 0 0 0 0 0 0 0 0 
-1 64 3 -1 -1 -1 -1 -1 -1 4 5 6 -1 -1 -1 0 7 8 0 0 0 0 0 0 0 0 0 0 9 0 0 10 0 0 0 11 0 0 0 0 0 0 
-1 -1 -1 -1 -1 -1 -1 -1 -1 -1 -1 -1 -1 -1 -1 0 0 0 0 0 0 0 0 0 29 0 0 0 0 0 0 0 0 0 0 0 65 0 0 0 0 0 
-1 -1 12 -1 -1 -1 -1 -1 -1 4 5 6 -1 -1 -1 0 7 8 0 0 0 0 0 0 0 0 0 0 9 0 0 10 0 0 66 11 0 0 0 0 0 0 
-1 -1 -1 -1 -1 -1 -1 -1 -1 -1 -1 -1 -1 -1 -1 0 0 0 0 0 0 0 0 0 0 0 0 0 0 0 0 0 0 0 0 0 0 67 0 0 0 0 
-1 -1 -1 -1 -1 -1 -1 -1 -1 -1 -1 -1 -1 -1 -1 0 -34 -34 0 0 0 0 0 0 0 0 0 0 -34 0 0 -34 0 0 -34 -34 0 0 0 0 0 -34 
-1 68 3 -1 -1 -1 -1 -1 -1 4 5 6 -1 -1 -1 0 7 8 0 0 0 0 0 0 0 0 0 0 9 0 0 10 0 0 0 11 0 0 0 0 0 0 
-1 -1 12 -1 -1 -1 -1 -1 -1 4 5 6 -1 -1 -1 0 7 8 0 0 0 0 0 0 0 0 0 0 9 0 0 10 0 0 69 11 0 0 0 0 0 0 
-1 -1 -1 -1 -1 -1 -1 -1 -1 -1 -1 -1 -1 -1 -1 0 -33 -33 0 0 0 0 0 0 0 0 0 0 -33 0 0 -33 0 0 -33 -33 0 0 -33 -33 0 -33 
